510101	102
510199	102
510201	103
510202	103
510203	103
510204	103
510205	103
510206	103
510299	103
510301	102
510302	102
510399	102
510401	101
510402	101
510403	101
510404	101
510405	101
510406	101
510407	101
510408	101
510409	101
510499	101
510501	105
510502	105
510503	105
510504	105
510505	105
510599	105
510601	101
510699	101
520101	201
520102	201
520103	201
520104	201
520105	201
520106	201
520199	201
520201	202
520202	202
520203	202
520204	202
520205	202
520206	202
520207	202
520208	202
520209	202
520299	202
520301	203
520302	203
520303	203
520304	203
520305	203
520306	203
520399	203
530101	302
530102	301
530199	301
540101	1801
540102	1801
540103	1801
540104	1801
540105	1801
540106	1801
540107	1801
540108	1801
540109	1801
540110	1801
540111	1801
540112	1801
540113	1801
540114	1801
540199	1801
540201	1802
540202	1802
540203	1802
540204	1802
540205	1802
540206	1802
540207	1802
540208	1802
540209	1802
540210	1802
540211	1802
540212	1802
540213	1802
540214	1802
540215	1802
540216	1802
540217	1802
540218	1802
540299	1802
540301	1802
540399	1802
540401	1899
540402	1899
540403	1899
540404	1899
540499	1899
540501	1899
540502	1899
540599	1899
550101	400
550102	400
550103	400
550104	400
550105	400
550106	400
550199	400
560101	1302
560102	1302
560103	1302
560104	1302
560105	1302
560107	3103
560108	3103
560109	3104
560110	3101
560111	3102
560112	3104
560106	1302
560199	3199
560201	3103
560202	2510
560299	3103
560301	1204
560302	1204
560399	1299
570101	501
570102	501
570103	501
570104	501
570105	501
570199	501
570201	502
570202	502
570203	502
570204	502
570205	502
570206	502
570207	502
570208	502
570209	502
570210	502
570211	502
570212	502
570213	502
570214	502
570299	502
570301	505
570302	505
570303	505
570399	505
570401	599
570402	599
570403	599
570404	599
570499	599
580101	701
580102	701
580103	701
580104	701
580105	701
580106	701
580107	701
580108	701
580109	701
580110	701
580111	701
580112	701
580113	701
580114	701
580115	701
580116	701
580117	701
580118	701
580119	701
580120	701
580199	701
580201	703
580202	703
580203	703
580204	703
580205	703
580206	703
580207	703
580208	703
580209	703
580210	703
580211	703
580212	703
580213	703
580299	703
580301	704
580302	704
580303	704
580304	704
580305	704
580399	704
580401	705
580402	705
580403	705
580404	705
580405	705
580406	705
580499	705
580501	706
580502	706
580503	706
580504	706
580505	706
580506	706
580507	706
580508	706
580509	706
580510	706
580511	706
580599	706
580601	707
580602	707
580603	707
580604	707
580605	707
580606	707
580607	707
580608	707
580609	707
580610	707
580611	707
580612	707
580613	707
580614	707
580615	707
580616	707
580617	707
580618	707
580619	707
580620	707
580621	707
580699	707
590101	1701
590102	1701
590103	1701
590104	1701
590105	1701
590106	1701
590107	1701
590108	1701
590109	1701
590110	1701
590111	1701
590112	1701
590113	1701
590114	1701
590115	1701
590116	1701
590117	1701
590199	1701
590201	901
590202	901
590203	901
590204	901
590205	901
590206	901
590207	901
590209	999
590210	999
590211	999
590212	902
590213	902
590214	902
590215	902
590217	901
590208	901
590216	902
590299	901
590301	2605
590399	2605
590401	1702
590402	1702
590403	1702
590404	1702
590405	1702
590499	1702
590501	1703
590502	1703
590503	1703
590504	1703
590505	1703
590506	1703
590507	1703
590508	1703
590509	1703
590510	1703
590511	1703
590512	1703
590513	1703
590514	1703
590515	1703
590516	1703
590517	1703
590518	1703
590519	1703
590520	1703
590521	1703
590522	1703
590523	1703
590524	1703
590525	1703
590526	1703
590527	1703
590528	1703
590529	1703
590530	1703
590599	1703
600101	1401
600199	1401
600201	1401
600299	1401
600301	1401
600399	1401
600401	1401
600499	1401
600501	1401
600599	1401
600601	1401
600699	1401
600701	1401
600799	1401
610101	1002
610102	1002
610103	1002
610104	1002
610105	1002
610106	1002
610107	1002
610108	1002
610109	1002
610110	1002
610111	1002
610112	1002
610113	1002
610199	1002
610201	1003
610202	1003
610203	1003
610204	1003
610299	1003
610301	1004
610302	1004
610303	1004
610304	1004
610305	1004
610306	1001
610307	1004
610399	1004
620101	1304
620102	1304
620103	1304
620104	1304
620105	1304
620106	1304
620107	1304
620108	1304
620109	1304
620199	1304
620201	1103
620202	2704
620203	2704
620204	1103
620299	1103
630101	1501
630102	1501
630103	1501
630104	1501
630105	1501
630106	1501
630107	1501
630199	1501
630201	1502
630202	1502
630203	1502
630204	1502
630205	1502
630206	1502
630207	1502
630208	1502
630209	1502
630210	1502
630211	1502
630212	1502
630213	1502
630214	1502
630215	1502
630216	1502
630217	1502
630218	1502
630219	1502
630220	1502
630221	1502
630222	1502
630299	1502
630301	1503
630302	1503
630303	1503
630304	1503
630305	1503
630306	1503
630399	1503
630401	1504
630402	1504
630403	1504
630499	1504
630501	1505
630502	1505
630503	1505
630504	1505
630505	1505
630599	1505
630601	1506
630602	1506
630603	1506
630605	1506
630699	1506
630701	1303
630702	1303
630703	1303
630704	1303
630705	1303
630706	1303
630707	1303
630708	1303
630799	1303
640101	1601
640102	1601
640103	1601
640104	1601
640105	1601
640106	1601
640107	1601
640108	1601
640109	1601
640110	1601
640111	1601
640112	1601
640199	1601
640201	1602
640202	1602
640203	1602
640204	1602
640205	1602
640206	1602
640207	1602
640299	1602
640301	1603
640302	1603
640303	1603
640304	1603
640305	1603
640306	1603
640307	1603
640308	1603
640309	1603
640310	1603
640311	1603
640312	1603
640399	1603
640401	1604
640402	1604
640403	1604
640404	1604
640499	1604
640501	1605
640502	1605
640503	1605
640504	1605
640505	1605
640506	1605
640507	1605
640508	1605
640509	1605
640510	1605
640511	1605
640512	1605
640513	1605
640514	1605
640515	1605
640599	1605
640601	1606
640602	1606
640603	1606
640604	1606
640605	1606
640606	1606
640607	1606
640608	1606
640609	1606
640610	1606
640611	1606
640612	1606
640613	1606
640699	1606
640701	1302
640702	1302
640703	1302
640799	1302
640801	1608
640802	1608
640803	1608
640804	1608
640805	1608
640899	1608
640901	1609
640902	1609
640903	1609
640904	1609
640905	1609
640906	1609
640907	1609
640908	1609
640909	1609
640910	1609
640911	1609
640912	1609
640913	1609
640914	1609
640915	1609
640916	1609
640917	1609
640918	1609
640919	1609
640920	1609
640921	1609
640922	1609
640923	1609
640924	1609
640925	1609
640926	1609
640927	1609
640928	1609
640929	1609
640930	1609
640931	1609
640932	1609
640933	1609
640999	1609
641001	1610
641002	1610
641003	1610
641004	1610
641005	1610
641099	1610
641101	1611
641102	1611
641103	1611
641104	1611
641105	1611
641106	1611
641107	1611
641199	1611
641201	1612
641202	1612
641203	1612
641204	1612
641205	1612
641206	1612
641207	1612
641208	1612
641209	1612
641299	1612
641301	1613
641302	1613
641303	1613
641304	1613
641399	1613
641401	1614
641402	1614
641403	1614
641404	1614
641405	1614
641406	1614
641407	1614
641499	1614
641501	1615
641502	1615
641503	1615
641504	1615
641505	1615
641506	1615
641507	1615
641508	1615
641599	1615
641601	1616
641602	1616
641603	1616
641604	1616
641605	1616
641606	1616
641607	1616
641699	1616
641701	1617
641702	1617
641703	1617
641704	1617
641705	1617
641706	1617
641707	1617
641708	1617
641709	1617
641799	1617
641801	1618
641802	1618
641803	1618
641804	1618
641805	1618
641806	1618
641807	1618
641808	1607
641810	1618
641809	1607
641899	1618
641901	1619
641902	1619
641903	1619
641904	1619
641905	1619
641906	1619
641907	1619
641908	1619
641909	1619
641910	1619
641911	1619
641912	1619
641913	1619
641999	1619
642001	1620
642002	1620
642003	1620
642004	1620
642005	1620
642006	1620
642007	1621
642008	1621
642009	1621
642010	1621
642011	1621
642012	1621
642013	1621
642099	1620
642101	1623
642102	1623
642199	1623
642201	1622
642202	1622
642203	1622
642299	1622
642301	1623
642302	1623
642303	1623
642304	1623
642305	1623
642306	1623
642307	1623
642308	1623
642309	1623
642310	1623
642311	1623
642312	1623
642313	1623
642314	1623
642315	1623
642316	1623
642317	1623
642399	1623
642401	701
642402	703
642403	703
642404	704
642405	704
642406	703
642407	703
642408	703
642499	702
650101	2701
650102	2701
650103	2701
650104	2701
650105	2701
650106	2701
650107	2701
650108	2701
650109	2701
650110	2701
650111	2701
650112	2701
650113	2701
650114	2701
650115	2701
650116	2701
650117	2701
650118	2701
650199	2701
650201	2701
650202	2701
650203	2703
650204	2701
650205	2704
650206	2703
650299	2703
650301	2702
650302	2702
650303	2702
650304	2702
650399	2702
650401	2703
650402	2703
650403	2703
650404	2703
650405	2703
650406	2703
650407	2703
650408	2703
650409	2703
650410	2703
650411	2703
650412	2703
650413	2703
650499	2703
660101	3001
660102	3001
660103	3001
660104	3001
660105	3001
660106	3001
660199	3001
660201	3003
660202	3003
660203	3003
660299	3003
660301	3004
660302	3004
660303	3004
660399	3004
660401	3212
660499	3212
660501	3099
660599	3099
670101	1906
670199	1906
670201	1906
670202	1906
670203	1906
670299	1906
670301	1901
670302	1901
670303	1901
670304	1901
670399	1901
670401	2501
670499	2501
670501	1902
670502	1902
670503	1902
670504	1902
670505	1902
670506	1902
670507	1902
670508	1902
670509	1902
670510	1902
670511	1902
670512	1902
670513	1902
670599	1902
670601	1903
670602	1903
670603	1903
670604	1903
670605	1903
670606	1903
670607	1903
670699	1903
670701	1904
670702	1904
670703	1904
670704	1904
670705	1904
670706	1904
670707	1904
670708	1904
670709	1904
670710	1904
670711	1904
670712	1904
670713	1904
670714	1904
670715	1904
670716	1904
670717	1904
670718	1904
670719	1904
670720	1904
670721	1904
670722	1904
670723	1904
670724	1904
670725	1904
670726	1904
670727	1904
670728	1904
670729	1904
670730	1904
670731	1904
670732	1904
670733	1904
670734	1904
670735	1904
670736	1904
670737	1904
670738	1904
670739	1904
670740	1904
670741	1904
670799	1904
670801	1905
670802	1905
670803	1905
670804	1905
670805	1905
670806	1905
670807	1905
670808	1905
670809	1905
670810	1905
670811	1905
670812	1905
670899	1905
670901	1906
670902	1906
670999	1906
671001	1999
671099	1999
680101	2001
680102	2001
680103	2001
680104	2001
680105	2001
680106	2001
680107	2001
680108	2001
680199	2001
680201	2002
680202	2002
680203	2002
680204	2002
680205	2002
680206	2002
680207	2002
680208	2002
680209	2002
680210	2002
680211	2002
680212	2002
680213	2002
680214	2002
680215	2002
680216	2002
680299	2002
680301	2003
680302	2003
680303	2003
680304	2003
680305	2003
680306	2003
680399	2003
690101	2101
690102	2101
690103	2101
690104	2101
690105	2101
690106	2101
690199	2101
690201	2102
690202	2102
690203	2102
690204	2102
690205	2102
690206	2102
690207	2102
690299	2102
690301	2103
690302	2103
690303	2103
690304	2103
690305	2103
690306	2103
690307	2103
690308	2103
690309	2103
690310	2103
690311	2103
690399	2103
690401	2199
690402	2199
690403	2199
690404	2199
690499	2199
690405	2199
690501	2507
690599	2507
700101	1102
700102	1102
700103	1102
700104	1102
700105	1102
700106	1102
700199	1102
710101	2301
710102	2301
710103	2301
710104	2301
710105	2301
710106	2301
710107	2301
710108	2301
710109	2301
710110	2301
710111	2301
710112	2301
710113	2301
710114	2301
710115	2301
710116	2301
710117	2301
710118	2301
710119	2301
710120	2301
710121	2301
710122	2301
710123	2301
710124	2301
710125	2301
710126	2301
710127	2301
710128	2301
710129	2301
710130	2301
710131	2301
710132	2301
710133	2301
710134	2301
710135	2301
710136	2301
710137	2301
710138	2301
710139	2301
710140	2301
710199	2301
710201	2302
710202	2302
710203	2302
710204	2302
710205	2302
710299	2302
710301	2303
710302	2303
710303	2303
710399	2303
710401	2307
710402	2307
710403	2307
710404	2307
710405	2307
710499	2307
720101	3400
720102	3400
720103	3400
720104	3400
720105	3400
720106	3400
720107	3400
720108	3400
720109	3400
720110	3400
720199	3400
720201	3210
720202	3210
720299	3210
730101	3500
730102	3500
730103	3500
730104	3500
730105	3500
730106	3500
730107	3500
730108	3500
730109	3500
730110	3500
730199	3500
740101	2401
740199	2401
740201	2402
740202	2402
740203	2402
740204	2402
740205	2402
740206	2402
740299	2402
740301	2403
740302	2403
740303	2403
740304	2403
740305	2403
740306	2403
740307	2403
740308	2403
740309	2403
740399	2403
740401	2404
740402	2404
740403	2404
740404	2404
740405	2404
740406	2404
740407	2404
740408	2404
740409	2404
740410	2404
740411	2404
740412	2404
740413	2404
740414	2404
740499	2404
740501	2405
740502	2405
740503	2405
740504	2405
740505	2405
740506	2405
740507	2405
740508	2405
740509	2405
740510	2405
740511	2405
740512	2405
740513	2405
740514	2405
740599	2405
740601	2406
740602	2406
740603	2406
740604	2406
740605	2406
740606	2406
740607	2406
740608	2406
740609	2406
740610	2406
740611	2406
740612	2406
740699	2406
750101	601
750102	601
750103	601
750104	601
750105	601
750199	601
750201	601
750202	601
750203	601
750299	601
750301	601
750302	601
750303	601
750304	601
750305	601
750306	601
750307	601
750308	601
750309	601
750310	601
750311	601
750399	601
750401	601
750402	601
750403	601
750499	601
750501	601
750502	601
750503	601
750504	601
750599	601
750601	601
750699	601
750701	601
750702	601
750703	601
750704	601
750799	601
750801	601
750802	601
750803	601
750804	601
750899	601
750901	601
750902	601
750999	601
751001	601
751002	601
751003	601
751004	601
751005	601
751006	601
751007	601
751099	601
760101	2501
760102	2501
760103	2501
760104	2501
760199	2501
760201	2502
760202	2502
760203	2502
760299	2502
760301	2503
760302	2503
760303	2503
760399	2503
760401	2504
760402	2504
760403	2504
760404	2504
760405	2504
760406	2504
760407	2504
760408	2504
760499	2504
760501	1301
760502	1301
760503	1301
760504	1301
760505	1301
760506	1301
760507	1301
760508	1301
760509	1301
760510	1301
760511	1301
760512	1301
760513	1301
760599	1301
760601	2505
760602	2505
760603	2505
760604	2505
760605	2512
760606	2505
760607	2505
760608	2505
760609	2505
760610	2505
760611	2505
760699	2505
760701	2506
760702	2506
760703	2506
760799	2506
760801	2507
760802	2507
760803	2507
760804	2507
760805	2507
760899	2507
760901	2508
760902	2508
760903	2508
760904	2508
760999	2508
761001	2509
761002	2509
761003	2509
761099	2509
761101	800
761102	800
761103	800
761104	800
761105	800
761106	800
761199	800
761201	2511
761202	2511
761203	2511
761204	2104
761299	2511
761301	2202
761302	2202
761303	2202
761304	2202
761399	2202
770101	2601
770102	2601
770103	2601
770104	2601
770105	2601
770199	2601
770201	2602
770202	2605
770203	2602
770204	2602
770205	2602
770206	2602
770299	2602
770301	2603
770302	2603
770399	2603
770401	2604
770402	2604
770403	2604
770404	2604
770405	2604
770406	2604
770499	2604
770501	2604
770502	2604
770503	2604
770504	2604
770505	2604
770506	2604
770599	2604
770601	1803
770602	1803
770603	1803
770604	1803
770605	1803
770699	1803
770701	2699
770702	2699
770703	2699
770704	2699
770705	2699
770706	2699
770799	2699
770801	2699
770802	2699
770803	2699
770804	2699
770805	2699
770806	2699
770807	2607
770808	2606
770809	2606
770899	2699
780101	2806
780102	2805
780103	2806
780104	2806
780105	2806
780106	2806
780199	2806
780201	2801
780202	2801
780203	2801
780204	2801
780205	2801
780206	2801
780207	2801
780208	2801
780299	2801
780301	2802
780399	2802
780401	3209
780402	3209
780403	3209
780404	3209
780405	3209
780499	3209
780501	2802
780502	2802
780503	2802
780504	2803
780505	2803
780506	2803
780599	2803
780601	2804
780602	2804
780603	2804
780604	2804
780605	2804
780606	2804
780607	2804
780699	2804
790101	3006
790102	3006
790199	3006
790201	3006
790202	3006
790203	3006
790204	3006
790205	3006
790299	3006
800101	1203
800102	1203
800103	1203
800199	1203
800201	1201
800202	1202
800203	1202
800204	1201
800205	1201
800206	1201
800207	1201
800299	1201
810101	1402
810102	1402
810103	1402
810104	1402
810199	1402
810201	1403
810202	1403
810203	1403
810299	1403
820101	3203
820102	3203
820103	3203
820104	3203
820199	3203
820201	3202
820202	3202
820203	3202
820204	3202
820205	3202
820299	3202
820301	3210
820302	3210
820303	3210
820304	3210
820305	3210
820306	3210
820307	3210
820308	3210
820309	3210
820399	3210
820401	3204
820402	3205
820403	3206
820404	3207
820405	3208
820406	3201
820407	3209
820499	3299
820501	3211
820502	3211
820503	3211
820504	3211
820599	3211
820601	3209
820699	3209
820701	3205
820702	3205
820799	3205
820801	3209
820802	3210
820803	3210
820804	3210
820899	3209
820901	3212
820902	3212
820903	3212
820904	3212
820905	3212
820906	3212
820907	3212
820908	3212
820909	3212
820911	3212
820999	3212
830101	602
830102	602
830103	602
830104	602
830199	602
830201	602
830202	602
830203	602
830204	602
830205	602
830206	602
830207	602
830299	602
830301	602
830302	602
830303	602
830304	602
830399	602
840101	2901
840102	2901
840103	2901
840104	2901
840105	2901
840106	2901
840107	2901
840108	2901
840109	2901
840110	2901
840111	2901
840112	2901
840113	2901
840114	2901
840115	2901
840116	2901
840117	2901
840118	2901
840119	2901
840120	2901
840121	2901
840122	2901
840123	2901
840124	2901
840125	2901
840199	2901
840201	2902
840202	2902
840203	2902
840204	2902
840205	2902
840206	2902
840207	2902
840299	2902
840301	2903
840302	2903
840399	2903
840401	2904
840402	2904
840403	2904
840404	2904
840405	2904
840499	2904
840501	2905
840502	2905
840503	2905
840504	2905
840505	2905
840506	2905
840507	2905
840599	2905
840601	2906
840602	2906
840603	2906
840699	2906
850101	3301
850102	3301
850103	3301
850104	3301
850199	3301
850201	3302
850202	3302
850203	3302
850299	3302
850301	3303
850302	3303
850399	3303
850401	3304
850499	3304
850402	3304
850501	3305
850502	3305
850503	3305
850504	3305
850505	3305
850506	400
850507	3305
850508	3305
850509	3305
850510	3305
850511	3305
850599	3305
850601	3306
850602	3306
850603	3306
850604	3306
850605	3306
850606	3306
850607	3306
850608	3306
850699	3306
850701	3308
850702	3308
850703	3307
850799	3308
850801	3399
850802	3399
850803	3399
850899	3399
850901	3399
850902	3399
850999	3399
851001	3311
851099	3311
851101	3399
851102	3399
851199	3399
851401	3399
851499	3399
860101	9900
860199	9900
870101	9900
870199	9900
990101	9900
